# L   WE AE   OD OT   WA CM   CS  
 75    1  1    1  1    1  14  1.00 # FC-------54
 74    1  1    0  1    1  14  1.00 # AVG 
 73    1  1    0  1    1  14  1.00 # Shortcut L69
 72    1  1    0  1    1  14  1.00 # 1x1-------53
 71    1  1    0  5    1  14  1.00 # 3x3-------52
 70    1  1    0  5    1  14  1.00 # 1x1-------51
 69    1  1    0  1    1  14  1.00 # Shortcut L65 -->
 68    1  1    0  1    1  14  1.00 # 1x1-------50
 67    1  1    0  5    1  14  1.00 # 3x3-------49
 66    1  1    0  5    1  14  1.00 # 1x1-------48
 65    1  1    0  1    1  14  1.00 # Shortcut L62 -->
 64    1  1    0  1    1  14  1.00 # 1x1-------47 
 63    1  1    0  1    1  14  1.00 # Route L59
 62    1  1    0  1    1  14  1.00 # 1x1 ---------------46
 61    1  1    0  5    1  14  1.00 # 3x3-------45
 60    1  1    0  5    1  14  1.00 # 1x1-------44
 59    1  1    0  1    1  14  1.00 # Shortcut L55 -->
 58    1  1    0  1    1  14  1.00 # 1x1-------43
 57    1  1    0  5    1  14  1.00 # 3x3-------42
 56    1  1    0  5    1  14  1.00 # 1x1-------41
 55    1  1    0  1    1  14  1.00 # Shortcut L51 -->
 54    1  1    0  1    1  14  1.00 # 1x1-------40
 53    1  1    0  5    1  14  1.00 # 3x3-------39
 52    1  1    0  5    1  14  1.00 # 1x1-------38
 51    1  1    0  1    1  14  1.00 # Shortcut L47 -->
 50    1  1    0  1    1  14  1.00 # 1x1-------37
 49    1  1    0  5    1  14  1.00 # 3x3-------36
 48    1  1    0  5    1  14  1.00 # 1x1-------35
 47    1  1    0  1    1  14  1.00 # Shortcut L43 -->
 46    1  1    0  1    1  14  1.00 # 1x1-------34
 45    1  1    0  5    1  14  1.00 # 3x3-------33
 44    1  1    0  5    1  14  1.00 # 1x1 -------32
 43    1  1    0  1    1  14  1.00 # Shortcut L39 -->
 42    1  1    0  1    1  14  1.00 # 1x1 -------31
 41    1  1    0  5    1  14  1.00 # 3x3-------30
 40    1  1    0  5    1  14  1.00 # 1x1-------29
 39    1  1    0  1    1  14  1.00 # Shortcut L36 -->
 38    1  1    0  1    1  14  1.00 # 1x1-------28
 37    1  1    0  1    1  14  1.00 # Route L33
 36    1  1    0  1    1  14  1.00 # 1x1 ----------->27
 35    1  1    0  5    1  14  1.00 # 3x3-------26
 34    1  1    0  5    1  14  1.00 # 1x1 -------25
 33    1  1    0  1    1  14  1.00 # Shortcut L29 -->
 32    1  1    0  1    1  14  1.00 # 1x1 -------24
 31    1  1    0  5    1  14  1.00 # 3x3 -------23
 30    1  1    0  5    1  14  1.00 # 1x1 -------22
 29    1  1    0  1    1  14  1.00 # Shortcut L25 -->
 28    1  1    0  1    1  14  1.00 # 1x1 -------21
 27    1  1    0  5    1  14  1.00 # 3x3 -------20
 26    1  1    0  5    1  14  1.00 # 1x1 -------19
 25    1  1    0  1    1  14  1.00 # Shortcut L21 -->
 24    1  1    0  1    1  14  1.00 # 1x1 -------18
 23    1  1    0  5    1  14  1.00 # 3x3 -------17
 22    1  1    0  5    1  14  1.00 # 1x1 -------16
 21    1  1    0  1    1  14  1.00 # Shortcut L18 -->
 20    1  1    0  1    1  14  1.00 # 1x1-------15
 19    1  1    0  1    1  14  1.00 # Route L15
 18    1  1    0  1    1  14  1.00 # 1x1 ----------->14
 17    1  1    0  5    1  14  1.00 # 3x3-------13
 16    1  1    0  5    1  14  1.00 # 1x1 -------12
 15    1  1    0  1    1  14  1.00 # Shortcut L11 -->
 14    1  1    0  1    1  14  1.00 # 1x1 -------11
 13    1  1    0  5    1  14  1.00 # 3x3 -------10
 12    1  1    0  5    1  14  1.00 # 1x1 -------9
 11    1  1    0  1    1  14  1.00 # Shortcut L7 --->
 10    1  1    0  1    1  14  1.00 # 1x1 -------8
  9    1  1    0  5    1  14  1.00 # 3x3 -------7
  8    1  1    0  5    1  14  1.00 # 1x1 -------6
  7    1  1    0  1    1  14  1.00 # Shortcut L4 --->
  6    1  1    0  1    1  14  1.00 # 1x1 -------5
  5    1  1    0  5    1  14  1.00 # Route L1 
  4    1  1    0  1    1  14  1.00 # 1x1 ----------->4
  3    1  1    0  5    1  14  1.00 # 3x3 -- 3
  2    1  1    0  5    1  14  1.00 # 1x1  -- 2
  1    1  1    0  5    1  14  1.00 # Maxpool ------->
  0    1  1    0  5    1  14  1.00 # 7x7 -- 1
 -1    1  1    0  1    1  14  1.00 # Input 
